212159
595631
872897
1203623
1293671
1566691
1702357
1830661
3452701
3716213
3964169
4103917
4134953
4173921
4207547
4310617
4376703
4586509
4703801
4749187
4801387
4928909
5005353
5051179
5231739
5244121
5258901
5317573
5359591
5417647
5441549
5484517
5547343
5571541
5599353
5614299
5656687
5733359
5758309
5775223
5786723
5856571
5953377
5972431
6314749
6417617
6428549
6447901
6589751
7136953
7350387
7432133
7652167
7765477
7802043
7826989
7844509
7852899
7996121
8039029
8145121
8146321
8283641
8347461
8406923
8529457
8564483
8573381
8795739
8896957
8903527
8913611
8975729
8985479
9187829
9298061
9449459
9597283
9612093
9712093
9734783
9752671
9863289
9966953
9978571
